FANN_FLO_2.1
num_layers=3
learning_rate=0.700000
connection_rate=1.000000
network_type=0
learning_momentum=0.000000
training_algorithm=2
train_error_function=1
train_stop_function=1
cascade_output_change_fraction=0.010000
quickprop_decay=-0.000100
quickprop_mu=1.750000
rprop_increase_factor=1.200000
rprop_decrease_factor=0.500000
rprop_delta_min=0.000000
rprop_delta_max=50.000000
rprop_delta_zero=0.100000
cascade_output_stagnation_epochs=12
cascade_candidate_change_fraction=0.010000
cascade_candidate_stagnation_epochs=12
cascade_max_out_epochs=150
cascade_min_out_epochs=50
cascade_max_cand_epochs=150
cascade_min_cand_epochs=50
cascade_num_candidate_groups=2
bit_fail_limit=9.99999977648258209229e-03
cascade_candidate_limit=1.00000000000000000000e+03
cascade_weight_multiplier=4.00000005960464477539e-01
cascade_activation_functions_count=10
cascade_activation_functions=3 5 7 8 10 11 14 15 16 17 
cascade_activation_steepnesses_count=4
cascade_activation_steepnesses=2.50000000000000000000e-01 5.00000000000000000000e-01 7.50000000000000000000e-01 1.00000000000000000000e+00 
layer_sizes=3 5 2 
scale_included=0
neurons (num_inputs, activation_function, activation_steepness)=(0, 0, 0.00000000000000000000e+00) (0, 0, 0.00000000000000000000e+00) (0, 0, 0.00000000000000000000e+00) (3, 3, 1.00000000000000000000e+00) (3, 3, 1.00000000000000000000e+00) (3, 3, 1.00000000000000000000e+00) (3, 3, 1.00000000000000000000e+00) (0, 3, 1.00000000000000000000e+00) (5, 3, 1.00000000000000000000e+00) (0, 3, 1.00000000000000000000e+00) 
connections (connected_to_neuron, weight)=(0, 1.12679493427276611328e+00) (1, -1.75989265441894531250e+01) (2, -2.74025020599365234375e+01) (0, 1.06797255575656890869e-01) (1, -1.18931032717227935791e-01) (2, 4.58923935890197753906e-01) (0, 1.20453812181949615479e-01) (1, -1.18061877787113189697e-01) (2, -3.35366457700729370117e-01) (0, 1.07498288154602050781e-01) (1, -1.16537608206272125244e-01) (2, 3.38277131319046020508e-01) (3, 1.50000000000000000000e+03) (4, 3.54167366027832031250e+00) (5, 7.62404394149780273438e+00) (6, 2.20496296882629394531e+00) (7, -4.97989273071289062500e+00) 
